"species","x","y","BIO02","BIO05","BIO06","BIO07","BIO03","BIO13","BIO14","BIO18","BIO15"
"species",1,1,1600.4375,3017.5556640625,-954.427612304688,3971.9833984375,39.796875,3690.69189453125,1034.29797363281,4678.375,29.921875
"species",2,2,1346.703125,2838.47045898438,-997.396606445312,3835.8671875,34.59375,4263.8779296875,1887.80688476562,7250.75,23.21875
"species",3,3,1484.984375,2404.98999023438,-915.157592773438,3320.14770507812,44.0625,9903.509765625,1124.78686523438,3937.734375,71.609375
"species",4,4,1379.953125,2620.13818359375,-816.07080078125,3436.208984375,39.5625,9933.3818359375,911.304321289062,5378.71875,53
"species",5,5,1273.5625,2483.47607421875,-784.017944335938,3267.494140625,38.546875,11626.6103515625,944.37890625,5505.234375,54.40625
"species",6,6,1484.921875,2900.98974609375,-639.151672363281,3540.1416015625,41.421875,6508.52880859375,1151.00317382812,5375.046875,44.296875
"species",7,7,1532.328125,2937.53247070312,-854.2783203125,3791.81079101562,40,3749.8671875,1031.54931640625,3760.171875,37.828125
"species",8,8,1539.125,2946.21411132812,-674.026733398438,3620.24072265625,41.953125,4859.5703125,802.126281738281,4116.703125,42.296875
"species",9,9,1432.671875,3084.62060546875,-726.929565429688,3811.55029296875,37,3193.583984375,849.052429199219,3847.65625,32.9375
"species",10,10,1310.421875,2892.4248046875,-375.114929199219,3267.53979492188,39.59375,4367.70947265625,885.182922363281,5270.734375,36.5625
"species",11,11,1295.234375,2886.27587890625,-389.012512207031,3275.28833007812,39.1875,4354.49609375,907.557739257812,5331.421875,36.0625
"species",12,12,1266.625,1875.82861328125,-1114.54272460938,2990.37133789062,41.90625,10583.49609375,1017.7109375,3411.125,70.578125
"species",13,13,1678.75,2385.99389648438,-1141.57690429688,3527.57080078125,47,6288.96337890625,1385.18481445312,4798.46875,53.015625
"species",14,14,1474.015625,2781.056640625,-653.708801269531,3434.765625,42.359375,6460.8349609375,1116.880859375,4522.34375,46.21875
"species",15,15,1813.609375,2888.2265625,-874.294799804688,3762.52124023438,47.984375,4171.447265625,1379.8134765625,4667.640625,36.9375
"species",16,16,1543.34375,3119.39794921875,-467.341217041016,3586.73901367188,42.40625,4918.8427734375,1422.84313964844,6033.765625,36.640625
"species",17,17,1853.890625,2946.36865234375,-872.20263671875,3818.5712890625,48,4031.4306640625,1295.36535644531,4621.734375,35.796875
"species",18,18,1013.828125,2102.4970703125,-1061.27966308594,3163.77685546875,31.40625,14748.865234375,3940.9599609375,12902.765625,39.28125
"species",19,19,1493.65625,2644.23876953125,-944.645141601562,3588.8837890625,41.171875,5641.7998046875,2256.62475585938,9583.578125,27.796875
"species",20,20,1459.015625,2687.59423828125,-899.868774414062,3587.462890625,40.140625,5723.919921875,2145.38403320312,9957.78125,29.8125
"species",21,21,1519.59375,2731.59838867188,-654.150024414062,3385.74853515625,44.34375,17059.96484375,1086.44921875,4451.25,73.515625
"species",22,22,1137.1875,2567.806640625,-702.001770019531,3269.80834960938,34.28125,4435.4228515625,870.022277832031,5105.765625,35.78125
"species",23,23,1361.25,2699.08618164062,-583.43212890625,3282.51831054688,40.828125,6488.38427734375,1632.05358886719,6111.53125,40.015625
"species",24,24,1613.8125,2398.71020507812,-986.042663574219,3384.7529296875,47.09375,9966.53125,1098.08642578125,3932.0625,72.296875
"species",25,25,1119.9375,2179.25927734375,-665.897277832031,2845.15649414062,38.59375,26309.005859375,960.542297363281,5749.75,76.859375
"species",26,26,1329.84375,2623.91357421875,-619.969116210938,3243.8828125,40.5625,12623.5830078125,556.669616699219,3691.03125,77.0625
"species",27,27,1244.390625,2743.63891601562,-419.5224609375,3163.16137695312,38.828125,7249.57177734375,1248.64660644531,4800.328125,48.21875
"species",28,28,1422.15625,2385.58911132812,-801.930786132812,3187.51977539062,44.046875,5802.599609375,893.734497070312,3407.484375,59.734375
"species",29,29,1655.046875,2890.95385742188,-805.32666015625,3696.28051757812,44.296875,6504.6962890625,815.325317382812,3383.84375,67.765625
